epoch,time,train/box_loss,train/cls_loss,train/dfl_loss,metrics/precision(B),metrics/recall(B),metrics/mAP50(B),metrics/mAP50-95(B),val/box_loss,val/cls_loss,val/dfl_loss,lr/pg0,lr/pg1,lr/pg2
1,690.959,2.09065,2.63754,1.92436,0.94453,0.08385,0.11029,0.04779,1.94716,2.44672,2.0254,0.000199843,0.000199843,0.0802155
2,1359.14,1.97006,2.22613,1.84016,0.89939,0.10228,0.12516,0.04701,2.10243,2.23171,2.15364,0.000399745,0.000399745,0.0604154
3,2026,1.93665,2.13487,1.81322,0.95355,0.10664,0.1313,0.05961,1.85405,2.46098,2.03312,0.000599257,0.000599257,0.040615
4,2688.21,1.8849,2.0341,1.77934,0.96372,0.10853,0.13166,0.05099,2.02082,2.05258,2.09957,0.000798086,0.000798086,0.0208138
5,3347.78,1.86541,1.96477,1.74952,0.57138,0.16428,0.17249,0.07416,1.88166,1.7826,1.98062,0.00099594,0.00099594,0.00101164
6,4007.38,1.81814,1.84892,1.7214,0.90457,0.14548,0.20699,0.08598,1.77664,1.74135,1.89142,0.000993906,0.000993906,0.000993906
7,4666.87,1.81623,1.81672,1.70461,0.4251,0.19184,0.19939,0.08545,1.76539,1.69231,1.89308,0.000991232,0.000991232,0.000991232
8,5325.87,1.76801,1.76031,1.68826,0.38946,0.22003,0.20957,0.0881,1.7928,1.63162,1.918,0.000988079,0.000988079,0.000988079
9,5988.48,1.74527,1.71628,1.66706,0.46682,0.26712,0.22988,0.09923,1.76373,1.50481,1.8548,0.000984449,0.000984449,0.000984449
10,6651.03,1.74897,1.6875,1.66384,0.41703,0.24861,0.24906,0.10684,1.72169,1.45421,1.83269,0.000980345,0.000980345,0.000980345
11,7313.47,1.72932,1.64682,1.65097,0.73355,0.20058,0.2591,0.11322,1.72026,1.44381,1.83782,0.000975773,0.000975773,0.000975773
12,7976.33,1.72322,1.61654,1.64448,0.4604,0.27921,0.27635,0.11152,1.72198,1.42425,1.82661,0.000970736,0.000970736,0.000970736
13,8638.14,1.70126,1.59202,1.63112,0.48052,0.276,0.27536,0.11558,1.75219,1.37388,1.85463,0.000965239,0.000965239,0.000965239
14,9302.06,1.69189,1.55243,1.62122,0.49264,0.3044,0.29171,0.13011,1.65154,1.3501,1.78397,0.000959289,0.000959289,0.000959289
15,9972.22,1.68639,1.54025,1.61821,0.51201,0.33423,0.29615,0.12769,1.70671,1.31697,1.82655,0.000952889,0.000952889,0.000952889
16,10639.6,1.66753,1.50311,1.60549,0.46395,0.32435,0.27786,0.12591,1.64984,1.29593,1.77284,0.000946048,0.000946048,0.000946048
17,11304.8,1.6537,1.50078,1.60138,0.48248,0.32718,0.32013,0.14265,1.64486,1.26545,1.77447,0.000938772,0.000938772,0.000938772
18,11969.5,1.64571,1.48116,1.59296,0.70037,0.28344,0.32742,0.14705,1.64272,1.21616,1.78385,0.000931067,0.000931067,0.000931067
19,12634.4,1.64756,1.45544,1.58599,0.55243,0.31426,0.33011,0.14639,1.63653,1.21721,1.76363,0.000922942,0.000922942,0.000922942
20,13298,1.63751,1.43024,1.58692,0.51348,0.34055,0.33571,0.14402,1.62258,1.20583,1.74957,0.000914405,0.000914405,0.000914405
21,13959,1.63326,1.42342,1.58473,0.55384,0.37277,0.36179,0.16388,1.6144,1.16776,1.75606,0.000905463,0.000905463,0.000905463
22,14621.2,1.62478,1.42938,1.5793,0.5686,0.32434,0.35745,0.15966,1.63098,1.15321,1.75863,0.000896127,0.000896127,0.000896127
23,15282.1,1.61911,1.40065,1.57074,0.41148,0.41029,0.37388,0.16738,1.63017,1.15911,1.75277,0.000886404,0.000886404,0.000886404
24,15943.9,1.60214,1.39065,1.55293,0.39954,0.40237,0.37952,0.16897,1.60025,1.16427,1.71875,0.000876305,0.000876305,0.000876305
25,16605,1.60147,1.36864,1.5601,0.43517,0.37324,0.38473,0.17786,1.59856,1.1201,1.72788,0.000865839,0.000865839,0.000865839
26,17266.7,1.59621,1.33405,1.55563,0.58902,0.37625,0.3954,0.17747,1.60639,1.10541,1.7326,0.000855018,0.000855018,0.000855018
27,17931.1,1.59631,1.3441,1.54699,0.596,0.38337,0.41958,0.19056,1.58907,1.10664,1.71302,0.000843851,0.000843851,0.000843851
28,18595.3,1.58885,1.32946,1.54397,0.42717,0.43146,0.42524,0.18858,1.59308,1.10587,1.72282,0.000832349,0.000832349,0.000832349
29,19257.3,1.58393,1.31392,1.53739,0.39469,0.4204,0.41942,0.19011,1.59731,1.09385,1.72418,0.000820525,0.000820525,0.000820525
30,19928.4,1.5752,1.29802,1.53703,0.44708,0.38892,0.41109,0.18844,1.58046,1.07858,1.71538,0.000808389,0.000808389,0.000808389
31,20598.4,1.5598,1.29329,1.53214,0.46887,0.41736,0.42266,0.1959,1.5784,1.07941,1.71287,0.000795954,0.000795954,0.000795954
32,21264.3,1.55408,1.29005,1.53036,0.50027,0.42602,0.44266,0.19437,1.59146,1.06258,1.7241,0.000783231,0.000783231,0.000783231
33,21924.4,1.57888,1.28281,1.53894,0.46447,0.44506,0.44872,0.19597,1.60005,1.04729,1.72554,0.000770234,0.000770234,0.000770234
34,22584.2,1.55725,1.25514,1.51566,0.43614,0.47807,0.45627,0.20084,1.5973,1.04587,1.72127,0.000756976,0.000756976,0.000756976
35,23244.4,1.54508,1.25737,1.51395,0.48423,0.46635,0.46515,0.20476,1.5883,1.04239,1.71428,0.000743468,0.000743468,0.000743468
36,23904.4,1.53947,1.24693,1.50962,0.50531,0.44311,0.46335,0.20404,1.57782,1.03667,1.7055,0.000729725,0.000729725,0.000729725
37,24563.3,1.53731,1.23789,1.51041,0.63504,0.40855,0.46042,0.20559,1.57728,1.0345,1.70934,0.000715761,0.000715761,0.000715761
38,25223.4,1.53411,1.22822,1.51593,0.44673,0.50346,0.46146,0.20344,1.58055,1.0286,1.71217,0.000701588,0.000701588,0.000701588
39,25883.1,1.53544,1.20765,1.50389,0.54024,0.39972,0.45843,0.20385,1.58435,1.02525,1.71527,0.000687222,0.000687222,0.000687222
40,26542.8,1.52642,1.1921,1.5053,0.46331,0.44988,0.45934,0.20332,1.58353,1.01416,1.71734,0.000672675,0.000672675,0.000672675
41,27203.2,1.53216,1.185,1.49208,0.46054,0.45585,0.45599,0.20603,1.58005,1.00853,1.7139,0.000657963,0.000657963,0.000657963
42,27866.6,1.52331,1.17793,1.48993,0.56824,0.40546,0.46752,0.20854,1.58238,1.00402,1.71359,0.000643101,0.000643101,0.000643101
43,28530.1,1.50348,1.1763,1.48343,0.45692,0.51496,0.48026,0.21027,1.58622,1.00115,1.7152,0.000628101,0.000628101,0.000628101
44,29191.1,1.49804,1.16707,1.47861,0.47345,0.50483,0.48366,0.21241,1.58757,0.99312,1.71551,0.000612981,0.000612981,0.000612981
45,29850.9,1.50894,1.1707,1.47597,0.47553,0.52513,0.48636,0.2109,1.58618,0.98629,1.71355,0.000597754,0.000597754,0.000597754
46,30514.8,1.49275,1.14811,1.48077,0.47766,0.51343,0.49212,0.21391,1.58618,0.98071,1.71357,0.000582435,0.000582435,0.000582435
47,31187.1,1.4906,1.14564,1.47317,0.4734,0.52993,0.49186,0.2135,1.58437,0.97656,1.71191,0.00056704,0.00056704,0.00056704
48,31857.1,1.49585,1.13631,1.47107,0.48647,0.53675,0.49934,0.2139,1.58165,0.97442,1.71086,0.000551584,0.000551584,0.000551584
49,32528.5,1.49584,1.12236,1.48278,0.48315,0.53577,0.50104,0.21562,1.58005,0.97077,1.71141,0.000536081,0.000536081,0.000536081
50,33197.9,1.49684,1.12816,1.47495,0.51227,0.53758,0.50599,0.21664,1.57969,0.96636,1.71165,0.000520548,0.000520548,0.000520548
51,33871.1,1.46907,1.10339,1.46508,0.48785,0.52089,0.50182,0.2166,1.57933,0.96423,1.71265,0.000505,0.000505,0.000505
52,34543.6,1.46931,1.09401,1.46198,0.48778,0.52064,0.5026,0.21587,1.57853,0.96065,1.71266,0.000489452,0.000489452,0.000489452
53,35214.2,1.48456,1.10876,1.46369,0.49524,0.52983,0.50776,0.21837,1.57842,0.95735,1.71248,0.000473919,0.000473919,0.000473919
54,35884,1.46537,1.09096,1.45256,0.51415,0.52333,0.51023,0.21919,1.57698,0.95381,1.71148,0.000458416,0.000458416,0.000458416
55,36552.4,1.46972,1.08619,1.4654,0.49998,0.52158,0.50645,0.22056,1.57743,0.95211,1.71138,0.00044296,0.00044296,0.00044296
56,37220.9,1.4665,1.08282,1.45828,0.49913,0.52184,0.50901,0.2197,1.57827,0.94977,1.71263,0.000427565,0.000427565,0.000427565
57,37888.6,1.46129,1.06699,1.45013,0.49818,0.52126,0.51317,0.21945,1.57843,0.94824,1.71315,0.000412246,0.000412246,0.000412246
58,38557,1.46352,1.06114,1.4588,0.53699,0.50625,0.5122,0.22086,1.5789,0.94554,1.714,0.000397019,0.000397019,0.000397019
59,39226,1.44481,1.04626,1.43562,0.54675,0.5051,0.51421,0.22084,1.57998,0.94448,1.71503,0.000381899,0.000381899,0.000381899
60,39894.5,1.46132,1.0517,1.45151,0.54093,0.50357,0.51433,0.22162,1.58053,0.94164,1.71582,0.000366899,0.000366899,0.000366899
61,40566.8,1.4536,1.0425,1.44568,0.55143,0.50488,0.51256,0.22155,1.58047,0.93945,1.71593,0.000352037,0.000352037,0.000352037
62,41238.8,1.44655,1.04615,1.4462,0.55943,0.50118,0.51262,0.22248,1.58032,0.93776,1.71633,0.000337325,0.000337325,0.000337325
63,41910.5,1.44818,1.03901,1.4476,0.56707,0.49781,0.51098,0.2224,1.5804,0.93634,1.71691,0.000322778,0.000322778,0.000322778
64,42581.4,1.43586,1.01578,1.43457,0.5681,0.50419,0.51469,0.22419,1.58152,0.93479,1.71778,0.000308412,0.000308412,0.000308412
